kinematics:
  shoulder:
    x: 0
    y: 0
    z: 0.162487418931805
    roll: -0
    pitch: 0
    yaw: -3.722164783337423e-08
  upper_arm:
    x: 0.0002369348230233503
    y: 0
    z: 0
    roll: 1.569635242936095
    pitch: 0
    yaw: 9.701716053527529e-07
  forearm:
    x: -0.4252819467054904
    y: 0
    z: 0
    roll: 3.13917771990265
    pitch: 3.139924378651566
    yaw: -3.141585478496174
  wrist_1:
    x: -0.3924593631017073
    y: -0.0008010436297534215
    z: 0.133450044780156
    roll: 0.006002500864735507
    pitch: -0.002377761835342474
    yaw: 7.518562777045879e-06
  wrist_2:
    x: 1.868795250040254e-05
    y: -0.09954383804730614
    z: 0.000114551269656255
    roll: 1.56964556526773
    pitch: 0
    yaw: 2.942856803384019e-06
  wrist_3:
    x: 0.0001499536154058615
    y: 0.09951323899538012
    z: 0.0001885794148807306
    roll: 1.572691342885715
    pitch: 3.141592653589793
    yaw: -3.141592570926881
  hash: calib_3191285624522110542